11110101
01111000
01111000
01111000
01111000
10001110
11110101
10111110
11110101
00001010
01110010
00110110
11110011
11110101
00000101
00000110
00100001
00000110
10100101
01110101
10001110
01110100
10111011
00101000
11111100
01110010
11111100
11110110
11101110
01010000
10001110
11110101
01111000
00001001
10111110
01111101
11110101
01111000
00001001
10101010
11111001
11110011
11101101
11110101
01111000				
01111000
00001001
00100010
01010000
11110101
00001001			
00100010
01111001
10101010
11000000
11110011
10011001
11111001
10100110
01110111
10000111
00110110
10001011
01110001
10000010
10101010
01110111
00000011
00000011
00100111
10000001
01110001
10101100
11110101
01111000
00100010
10011100
01110100
10100110
00010111
01110001
11110101
01111001
01111001
10001000
10001000
10001000
00100010
01010000
01110001
10000010
01110100
10101010
11101110
00101000
01010110
11110101
10000010
10100000
11000000
11110000
00111100
01110001
00000000
01110010
10110100
01110001
00000000
10100000
11110011
10000001
11110101
01111000
01110001
10000010
00101000
01111000
01111000
01111000
01111000
01111000
10111000
11110101
00010010
00010010
00010010
00010010
00010010
00100100
00000110
00010010
01110100
10000010
01111000
01110001
10001000
10001000
10001000
10001000
10001000
01111000
01111000
01100110
01110001
11110101
10001000
10001000
00001010
01111000
00011000
00011000
00100010
11010100
01110001
00011000
00011000
00011000
00011000
00100010
11000000
01110001
00000000
10100000
